dx = 0.2
dy = 0.2
dt = 0.05
nx = 1000
ny = 1000
Nstep = 6000
npoly = 180
value = 0
flow = false
v0 = 1.0
ω0 = 1.0
Dr = 0.0
Pe = 40.0
D = 0.025
R = 1.0
src = 1.0
α = -1.0
pos = [100.0, 100.0]
vel = [-0.09059970307179266, -1.1143547594934604]
ϕ = 299.9500000000339
