dx = 0.2
dy = 0.2
dt = 0.05
nx = 1000
ny = 1000
Nstep = 6000
npoly = 180
value = 0
flow = false
v0 = 1.0
ω0 = 1.0
Dr = 0.0
Pe = 60.0
D = 0.016666666666666666
R = 1.0
src = 1.0
α = -1.0
pos = [100.0, 100.0]
vel = [-0.80504247495945, 0.38905801012632824]
ϕ = 599.9000000000021
