dx = 0.2
dy = 0.2
dt = 0.05
nx = 1000
ny = 1000
Nstep = 6000
npoly = 180
value = 0
flow = false
v0 = 1.0
ω0 = 1.0
Dr = 0.0
Pe = 80.0
D = 0.0125
R = 1.0
src = 1.0
α = -1.0
pos = [100.0, 100.0]
vel = [0.48883911788458045, 0.9458412840466738]
ϕ = 899.8499999997293
